-1	27	-47	-31	33
-46	23	-38	-29	-18
45	-40	38	-32	-21
6	36	30	-37	2
44	-43	-34	-24	47
23	21	-40	-33	-12
17	-45	-44	-14	-8
-7	39	48	-40	-19
33	-24	29  17	-15
28	7	-20	34	-12
14	-32	49	-4	-38
-32	-37	5	43	-48
7	-50	17	-29	-50
5	26	-28	47	-37
-8	-10	-2	3	-4
-21	42	9	-14	35
-39	45	-34	12	-15
7	-8	25	-5	-11
12	-46	2	-43	35
11	-50	-29	-40	2
-13	49	31	-33	33
-50	-21	-48	-14	23
38	5	27	48	6
-28	-10	-50	-43	12
-27	24	-42	-48	45
-12	-5	-27	12	-2
-34	-50	13	40	-7
-18	44	15	21	43
8	-5	2	37	2
-41	-17	50	-39	18
36	-4	-5	18	-7
18	-4	-26	-44	-50
-48	-28  17	20	20
-49	-44	32	-44	35
-27	-34	-18	23	-35
-9	6	8	23	-48
-10	-27	18	-28	30
-1	47	4	5	-32
19	30	46	-17	36
-31	-46	-19	36	16
-8	49	15	-2	23
-1	27	-30	37	-2
6	-26	26	24	-5
42	17	1	-46	-45
-33	-33	17	-27	-24
10	25	-29	-19	10
18	22	-4	37	47
-5	37	18	-46	-29
30	-36	-2	34	-49
-21	28	-48	29	42
-13	-12	-33	-49	15
-18	-44	44	46	45
17	45	-18	-18	12
-49	2	48	-6	24
23	48	36	21	-48
-48	-30	-36	12	12
-45	-39	-36	-38	-27
17	-8	-26	-19	30
-44	-47	-4	-40	13
5	45	35	20	11
40	23	30	-37	-35
2	-49	22	3	-39
7	-14	7	39	-9
27	-48	-23	32	-8
-24	-38	33	-6	15
-23	-50	18	-37	34
17	-44	-27	-10	-11
-25	27	-40	-14	-41
3	7	8	-3	-6
-17	-26	19	43	12
-29	10	5	-33	-46
-43	-21	-24	21	36
-12	-49	6	-35	-41
-7	18	-45	-1	25
-47	-19	26	43	36
16	-25	-37	-50	-5
-31	24	-26	3	19
-17	-44	-19	35	42
-8	-15	-9	2	25
-31	-50	22	29	12
-39	44	7	-4	35
50	5	28	-20  17
-48	-20	7  17	-18
-43	10	33	17	10
32	-35	15	38	35
43	2	48	36	-7
50	36	41	5	-35
8	1	-17  17	-5
18	-48	-42	-36	-9
49	-19	-14	28	7
19	19	-24	18	2
21	-28	-22	38	46
-33	47	13	17	7
25	30	-39	-38	24
-19	14	22	-47	-29
12	-38	-41	-40	1
44	-44	-28	44	-24
32	-17	-24	9	-45
23	4	2	22	-50
31	1	-47	43	-4
-47	-43	-2	12	26
2	-33	19	-16	1
-6	-9	-38	-36	-18
-19	-10	5	-1	40
-17	-28	10	-31	35
-37	9	38	-7	-46
46  17	-38	-45	49
42	39	8	-7	-45
-28	11	-36	-30	21
-38	35	16	-5	-27
-31	-44	-9	-41	-6
5	-45	11	-36	-1
-24	-47	-47	9	7
36	29	-26	8	-1
-41	11	47	-16	4
27	-8	-40	7	-7
48	-25	-42	-4	24
38	-8	-47	-29	-25
24	-4	-4	49	-23
49	18	-29	33	-33
-14	-38	36	-14	-22
-30	-42	34	-37	-21
-19	-29	-2	2	37
18	-23	-13	18	-3
-28	-25	30	-35	-11
20	-36	49	32	-33
-50	-15	-18	-8	-23
28	-17	-9	-40	3
-47	-4	-19	24	18
-37	25	-26	19	50
-45	-43	-10	26	10
-18	14	35	-15	31
10	-8	16	5	16
-45	46	17	7	21
31	-25	-18	32	-1
-47	-49	7	27	-24
-50	31	40	-31	-43
-20	30	5	-26	-50
46	-16	-22	-42	-24
33	-8	7	29	-19
-41	12	4	-10	7
23	-4	-23	-29	-24
-25	11	-5	3	-9
-28	-14	42	-21	13
34	-47	36	34	26
-34	2	31	-3	-6
41	37	-22	-11	12
-50	40	35	-16	19
41	-19	-15	-8	-3
7	-8	-43	26	-40
7  17	32	-26	-32
20	-24	-23	-7	27
-29	-10	-26	28	23
31	-40	-2	-31	43
3	50	11	18	19
39	39	39	48	-32
44	10	48	-46	29
-45	-13	-13	-50	-8
34	-39	13	-25	-35
1	15	-18	-9	46
-26	9	25	-36	8
8	-35	22	31	8
-28	20	47	-39	-25
-15	35	28	15	40
35	-12  17	-50	-42
16	-4	-46	4	31
-18	6	-37	1	20
-36	29	21	23	12
-16	-49	-23	28	-15
24	-38	-9	18	-11
37	36	-43	-32	15
37	4	-13	4	44
-12	-6	-9	-4	-18
18	-7	7	38	-45
-40	25	23	-1	19
-40	29	-12	12	13
20	-18	5	34	-3
46	-9	-25	-49	-25
31	-14	-47	9	32
17	49	7	-50	22
27	-2  17	-21	35
13	35	-15	30	44
-28	-35	23	-50	-28
-42	-2	19	-16	25
14	29	-31	12	-17
-22	-28	-24	-31	-47
23	-43	-37	37	-5
1	-38	-29	39	4
-23	8	-10	12	-44
-27	46	-50	23	-15
-21	46	-8	35	43
-42	-16	-40	44	-11
33	-42	45	45	-6
-37	33	22	-27	-46
31	34	11	-17	13
-23	30	-30	22  17
4  17	50	2	-29
-47	21	46	24	7
12	-5	40	19	30
-8	-4	-33	8	49
