-11	-32	17	27	-18
-10	8	41	-6	50
11	37	-40	-18	-30
-46	-7	1	3	16
29	-10	-38	-44	43
-2	-17	-9	-4	-15
23	-47	-22	-2	27
37	-47	44	-44	48
40	18	-7	-37	-42
-36	35	18	34	-23
32	0	37	-31	-43
14	-10	49	2	-4
-7	13	-10	25	-1
2	-10	1	-23	-10
-47	2	-18	39	-34
39	35	-18	16	-39
-40	-34	-24	50	-30
45	16	28	-13	-37
-22	24	-33	-44	4
10	-5	3	-23	16
12	45	48	40	18
5	-47	6	-32	21
-33	48	21	-5	25
12	-29	-43	17	13
-31	-7	49	42	-48
-41	-36	-50	-37	6
-50	1	-47	-46	-21
-48	11	10	1	-9
-5	44	36	6	-49
46	-47	-40	-4	46
4	6	8	6	-35
-35	48	40	3	-17
28	-21	-14	26	25
-19	-35	-30	-22	47
-11	15	-35	-12	32
-8	-4	27	13	7
-37	-25	26	-29	-7
-3	-20	36	15	-48
34	-3	47	28	21
-49	41	-37	-44	-22
33	33	-17	-16	2
35	-17	17	40	29
-46	45	34	-7	-12
-26	24	-10	44	-29
29	3	-39	7	5
-18	8	-35	-26	-20
-9	44	35	-19	-46
0	18	-36	-21	28
46	12	17	-17	-50
-4	-28	0	40	39
9	39	-22	-15	10
10	9	-45	22	2
-26	24	-42	1	-11
-11	-15	24	-25	33
47	-11	-20	-26	15
-18	6	33	-36	-17
-50	-45	-3	-24	-35
10	12	41	-47	-46
22	-39	39	-25	35
-8	49	-44	-30	-34
4	-8	-10	15	-30
-18	-31	40	-3	30
-14	15	37	-33	-23
3	-25	-44	48	18
13	-2	38	46	-46
7	25	47	11	42
40	10	16	15	-13
-49	-39	-36	8	-30
-34	18	30	5	-43
24	44	1	-46	39
11	14	-38	-13	-12
-30	-22	30	-13	39
-2	-12	3	-41	-26
36	22	17	-25	-36
11	15	-9	3	-27
-16	20	-41	-37	-12
-9	50	-38	37	49
-44	17	22	-34	20
-8	-50	-42	16	-36
-20	-11	-43	46	-18
41	-23	-21	-27	-35
-40	28	25	-33	34
14	-40	-20	42	-8
30	-49	-47	-47	-42
-31	21	-49	12	-25
1	23	-30	-34	-41
-1	29	-3	2	-6
21	-50	6	43	-27
14	34	-28	29	-41
18	-22	3	28	-22
26	41	-30	8	28
6	-21	-13	28	-12
-44	15	-18	-46	25
-38	-18	-20	-12	27
19	-33	17	12	25
-15	-25	-41	-28	-8
33	9	0	18	-27
12	5	-12	-6	-11
45	-12	-49	-44	1
45	24	44	10	-24
7	-7	31	-28	-49
20	-28	45	36	-34
-29	24	17	-3	-28
-44	23	1	24	-1
-21	-6	25	-28	2
-24	22	-38	-9	-18
-10	16	7	2	-12
-25	48	-49	30	34
-47	-33	36	25	9
6	-49	10	-27	-39
8	12	-31	-15	-26
-47	-8	-45	39	-37
-7	-41	12	38	-46
-3	-13	5	-31	-50
42	-35	-25	40	-33
-47	20	-18	-27	-23
10	34	7	13	-31
-45	-20	-29	-20	-29
-41	25	3	-20	29
37	-47	-9	-35	-9
44	-41	-26	2	46
31	28	35	-3	-42
-26	30	6	-45	-30
-45	39	-42	14	-16
16	-17	-30	24	38
13	30	25	33	20
47	-37	-6	-5	-39
8	17	-2	45	-22
28	20	-30	-40	-48
20	-12	45	-10	18
13	-14	37	14	16
19	49	1	26	-45
17	33	-10	-28	26
-48	4	4	-5	-31
42	-14	-15	23	-27
-6	32	49	-37	-5
36	7	-43	30	-8
20	-9	-5	21	-7
-35	-12	45	22	6
0	-14	-12	-32	46
22	27	7	45	-16
23	18	14	23	-29
42	7	-18	-30	-48
32	46	34	42	18
29	-35	-27	-28	48
15	13	-12	25	40
26	36	-5	30	0
-9	-39	-13	44	-42
-24	45	-48	48	-41
50	-32	24	16	8
-48	45	-42	37	9
-28	-9	-4	-5	-5
-36	-28	-24	25	25
-44	-9	-6	-47	-24
-14	-43	28	-8	16
11	-28	-47	-45	9
-19	26	2	-16	-24
43	44	-44	10	35
33	-15	14	36	-7
5	50	49	-40	-44
45	6	-47	3	10
-32	35	18	1	-1
26	-46	-28	18	21
28	44	32	-9	9
-40	-36	-25	-25	50
-22	5	-26	37	-50
49	-14	28	-4	45
-38	33	-35	34	23
-38	29	-20	22	-47
11	-25	-39	32	-2
-15	-6	-25	-40	-6
10	-24	-23	7	-25
-34	-21	31	-22	-23
7	-26	-6	46	46
-11	15	-43	41	1
21	-13	-44	-23	-34
10	-50	-3	22	-45
-28	36	17	-19	5
49	9	4	20	-16
-46	9	10	-3	38
41	-12	38	-34	2
36	-9	-19	18	-19
25	35	12	-45	49
-3	-16	-3	1	10
40	-33	-39	43	-27
49	33	27	-5	26
-25	-37	41	-27	-16
38	42	-50	-27	-42
1	-3	30	-18	34
50	2	2	-48	7
-4	-50	-38	6	-19
-33	-1	9	1	5
18	-17	-18	34	44
-9	31	-49	-15	-33
-10	-6	1	14	28
32	38	-30	2	23
42	17	-40	-18	26
16	50	34	-15	-34
13	5	-48	25	24
-20	-43	-30	-29	-11
50	1	37	21	-48
36	5	23	-12	-3
-8	-29	23	-37	42
-35	13	-18	-18	-26
36	-13	-41	39	0
-31	-24	-2	27	-3
-29	-31	-30	-24	31
32	21	2	35	-39
37	-4	8	-5	26
44	-21	-46	22	21
4	-23	-17	6	-13
23	31	47	-11	-1
49	-44	-25	2	9
27	19	12	-40	14
29	29	-19	14	-33
40	-24	46	43	31
-16	-39	-12	19	-35
-18	1	-42	25	38
-21	-2	25	36	-36
-10	41	17	13	16
-50	-31	-6	-31	-30
-6	28	35	-14	8
-2	-3	0	40	-33
16	-21	19	46	5
-38	-13	-26	20	-33
47	-3	10	-38	39
-4	46	-6	41	-21
6	9	0	36	24
19	-36	-32	-45	5
-40	-5	-5	-36	-7
-1	3	-37	-44	-41
-42	-5	19	-38	8
18	47	43	27	13
-7	9	4	24	28
-32	-50	6	50	-26
-44	-44	-26	23	27
27	16	40	15	-50
16	20	50	15	5
7	-8	-39	15	28
16	50	-10	19	14
34	26	30	-28	14
34	-25	-46	-31	-49
-17	-41	4	-2	22
6	-50	-42	-1	-26
34	-31	19	-3	22
42	22	-13	8	-24
47	-41	-12	-34	-28
-45	19	12	-11	-17
8	-35	10	-28	19
-14	-24	-46	0	25
-23	6	-35	-19	31
-25	-39	36	-17	33
-33	-48	42	-5	-37
-30	33	-37	39	48
0	7	28	23	37
27	-28	19	28	21
0	9	-5	-20	-34
28	22	21	-30	-22
26	40	-41	39	39
-13	34	28	-6	-39
38	40	50	28	-33
-29	-32	4	47	39
-23	-13	21	-32	-29
-47	22	-7	37	30
14	-10	25	-9	48
26	-8	19	0	-29
-3	-21	-22	-32	-45
-23	-16	-17	-33	32
-34	-11	-27	-15	49
-27	44	15	-15	26
30	30	-47	17	41
40	30	24	-15	-5
-37	-39	5	-19	-30
-23	22	-1	25	-6
25	-16	-3	-22	-36
-47	-4	47	-15	30
-42	-5	20	6	-7
30	-33	-8	-13	8
30	-42	-11	-35	35
-1	-10	23	-16	9
-49	-17	-37	-8	-33
23	3	-5	-49	-33
41	-18	-45	-32	-1
35	-16	-47	-12	39
2	40	-23	16	11
-7	30	-43	49	-27
-36	12	33	-26	7
9	-4	-3	6	-12
12	34	48	-36	-27
-46	28	-15	25	-16
22	44	-6	-45	-18
-40	-31	4	-29	-14
10	44	23	-31	37
21	27	44	-46	49
-9	10	17	-37	17
-41	-3	-49	8	-24
17	2	16	-26	-24
-20	-34	-5	47	-5
17	-47	-15	-25	29
29	-16	-23	16	43
38	-20	1	-16	18
-47	17	-17	22	-43
5	-27	-27	-15	-32
50	6	-9	4	-28
47	9	-26	-28	-10
-46	17	24	30	29
-15	45	-19	41	16
-20	10	12	34	6
-41	22	-48	33	-8
0	21	-46	17	-49
3	3	-34	34	-17
-28	-40	16	-34	-50
-13	7	21	22	-50
4	41	34	-7	-25
-21	-18	-13	33	-6
-15	-23	41	21	38
10	37	17	-9	7
47	-1	25	-38	-30
3	19	-49	-4	28
-21	35	-16	47	3
-11	49	24	-10	33
-2	5	42	26	27
41	-31	-39	-40	-18
7	12	32	-16	-30
10	-47	-43	39	26
7	9	-18	-46	-49
-17	-20	11	36	7
16	-19	-30	18	46
19	17	-6	37	29
-42	46	49	-35	-2
-4	16	14	46	-17
-15	39	34	10	42
-15	-44	-3	34	43
-22	-29	-16	-3	-11
29	-40	28	50	50
45	-17	-4	-29	7
-39	-42	15	-23	-5
1	44	27	-14	18
-46	12	-8	-19	40
13	-23	21	45	-49
28	17	48	-25	-40
-3	20	-15	13	-43
27	-39	-2	-2	-11
0	46	18	32	-40
8	-31	37	3	-19
42	17	19	32	11
34	1	-29	-50	-37
33	47	-21	-6	29
47	-35	-10	0	-15
28	-41	-26	-12	-43
-11	-36	20	29	47
33	45	16	0	16
18	32	10	27	-25
-18	-30	26	-45	23
48	-22	10	49	-30
16	22	-17	-13	-42
38	-18	-46	-32	-16
5	-5	-18	48	38
45	-33	35	34	-2
-14	17	49	16	-28
33	15	-39	34	-45
29	-3	-14	-42	44
-49	46	-7	-29	-2
41	50	25	-46	30
2	-16	-20	11	-31
33	36	4	-2	-17
-5	22	46	-20	-8
17	-28	21	30	-2
-50	-39	41	50	-1
45	1	-14	39	22
-10	-22	-47	-8	35
18	42	48	-34	-23
37	31	10	28	29
41	41	-23	-20	-39
-18	30	37	30	22
-29	9	19	-12	-38
-13	46	15	10	10
29	15	35	28	38
-45	-19	-42	1	-35
13	-31	-35	-34	9
32	28	-50	31	34
-1	12	-1	-39	19
13	-2	28	42	-14
-1	0	-17	32	35
15	20	-9	-29	38
45	25	-37	-43	22
-48	-50	-37	-23	-17
-30	-8	31	45	-39
2	39	-50	35	13
22	-44	-31	-8	9
32	45	44	-36	-27
44	-14	17	-10	-15
-48	34	4	29	-13
37	9	-21	1	23
45	-40	-35	28	-11
-14	46	-34	-23	23
19	5	16	43	-34
1	10	45	11	6
34	-42	-32	28	-1
39	45	27	-31	28
