37	-33	-16	-40	6	17	-43	-33	28	-14
-19	28	-15	18	-24	34	49	-29	26	19
-31	-22	17	-45	46	-11	-42	47	50	9
40	3	-9	-25	46	-39	-39	-12	32	-12
-19	46	49	-16	-1	-42	14	21	15	-29
-6	42	-49	32	40	41	-30	34	-42	-42
0	12	40	-22	-19	-19	-50	-11	21	-32
18	3	33	18	-13	3	11	50	-19	12
16	-35	45	-11	-8	34	-24	12	23	-31
3	-25	45	-27	19	-44	-40	13	-39	-10
25	-35	43	42	-43	-34	26	14	-47	-6
38	35	30	-40	44	9	-44	3	-11	-18
22	-15	-42	16	-48	23	-35	-6	-36	-44
31	-39	-7	25	-18	-22	-20	12	21	-28
34	41	5	-18	-22	-18	37	16	-36	17
-33	-42	17	-49	-39	-27	-22	12	9	19
-4	-9	23	22	-14	-47	-20	-6	45	17
-28	19	-36	-42	-16	21	12	-49	-19	22
-41	-40	-35	-12	7	10	42	-9	41	28
-5	16	35	27	-13	18	25	-5	-28	-8
-43	-9	44	25	33	-45	27	19	-18	44
-8	44	-14	33	44	-6	-4	47	-21	-7
25	5	43	-30	-6	-6	3	11	21	-50
42	-18	-27	38	-37	-4	-42	-4	13	1
47	6	5	-38	-2	8	-11	-28	31	-8
23	22	36	-34	27	34	-28	-45	23	-4
22	-9	25	-14	20	42	-47	9	-44	-49
-13	-37	42	-25	-2	39	-35	-13	38	44
-41	0	-45	-11	26	17	-7	0	14	-23
50	15	6	-17	26	-45	42	26	5	32
35	-43	47	-33	12	29	45	-1	-35	-1
-15	-35	6	10	-24	-37	-46	8	40	0
6	-9	33	7	-8	43	-18	8	-31	-10
6	-7	-6	-50	-21	7	-26	-40	-32	42
-3	-5	-46	12	-36	-32	6	-42	43	-33
-32	16	-45	-39	35	-36	-39	25	10	-29
-45	19	49	15	-49	-29	1	-47	-6	45
14	-45	-21	13	16	11	11	38	-7	-4
44	-8	-45	12	41	37	-33	-8	21	-22
14	32	-33	-37	-8	37	11	49	40	-47
46	-11	-11	5	-31	45	10	13	4	40
-23	-38	43	38	27	3	-46	27	19	-32
-5	-21	-1	2	-8	31	19	9	45	45
14	-34	-43	28	35	-5	16	44	2	11
-32	41	-26	-49	-20	-29	-43	29	19	14
-3	48	-43	37	-25	42	5	-33	-24	41
-29	-13	50	-13	-22	-10	-34	40	-39	4
-23	47	-19	-21	7	12	40	3	14	-8
46	-28	-32	-31	-2	3	34	-12	8	-23
32	-41	-23	10	-1	27	24	-29	-24	32
13	-2	47	-24	29	-15	-38	8	-15	-7
-23	20	16	1	30	-17	33	40	1	-38
-14	-47	23	-36	35	-32	-40	-40	17	-14
-42	-17	43	50	-4	-1	-1	37	-9	25
-33	27	8	34	36	-20	-25	15	15	-39
-15	-21	44	-25	27	-8	-27	5	22	45
-41	-26	-28	-20	14	32	-32	-20	30	22
-42	46	45	-23	-14	22	-49	12	-50	-17
-45	-15	45	5	9	27	9	22	-13	7
-33	-45	49	-18	-23	23	14	-16	40	26
8	-16	-27	39	-29	-47	-16	-26	9	31
-19	-45	30	-23	48	-18	24	20	23	-6
-50	11	-7	-10	-17	44	37	-44	-29	3
42	39	-47	-10	-16	50	44	-33	50	-14
42	-34	6	36	-33	-49	-4	26	50	-50
-32	32	39	6	21	-35	40	15	-23	-34
15	30	36	-27	10	-48	41	35	25	0
33	47	8	45	-11	3	43	-18	-9	34
-23	6	-9	39	49	19	-46	50	-41	-7
-3	11	-15	-47	32	-23	5	-41	-29	20
46	36	34	43	48	-37	-27	46	-13	50
-21	-15	-6	-14	-16	-4	6	-3	-43	-41
-32	-6	44	-12	24	4	6	32	-34	44
34	-7	45	9	12	-22	15	41	-15	4
6	-27	8	-42	-34	11	28	-31	8	-43
-7	44	46	-7	49	-28	-29	-4	11	-38
-27	-5	-27	10	-34	14	5	28	31	-39
29	-4	-34	-9	-5	8	-37	-37	-9	50
38	-25	-4	32	47	-1	35	23	23	50
15	-46	-7	-36	-4	-45	1	-3	21	-38
2	21	29	-27	-29	-49	45	14	32	35
11	16	17	2	32	47	-10	31	-40	-44
22	-1	35	-9	-29	-46	43	24	19	1
29	25	16	-50	39	-42	-24	-10	-1	-29
-16	3	32	-43	32	38	-12	-7	-16	-33
-32	-40	-16	32	19	-21	-48	43	-30	-23
-7	-12	22	49	20	-44	-47	38	-33	13
29	24	-14	32	-12	46	14	29	-10	39
-45	-27	-20	-25	47	12	-33	28	-15	-3
-4	15	40	7	-46	39	-2	-32	-10	18
-2	-46	34	-27	17	-44	-2	25	-30	41
15	-33	9	38	4	-1	7	-18	10	20
-14	-20	-5	31	-24	-26	-28	22	-4	-36
46	-30	29	11	31	35	-15	4	34	-27
-16	-14	-7	-6	31	32	-49	-3	-2	-28
12	11	38	29	15	0	-20	48	-11	40
10	32	37	0	-12	-3	21	19	-11	-31
50	7	10	-42	-24	44	-36	26	6	30
-35	11	24	38	-12	11	10	12	-21	-31
12	-27	-19	-28	-30	6	32	-20	-32	35
-41	49	46	-1	-16	-12	-14	19	25	-9
-33	-38	-33	-4	8	-50	-12	-18	44	1
32	28	-19	-23	33	-10	7	7	40	50
-27	46	44	12	-30	26	-15	16	29	34
26	-37	47	-10	-5	-48	4	-15	17	29
13	-32	-9	18	7	30	-12	-50	41	37
-9	-28	-9	-36	-2	-22	42	28	4	-25
8	-25	4	3	5	6	40	-10	12	24
-45	32	-45	14	-1	-20	30	-33	-40	-42
-26	-28	27	13	19	36	-37	-30	27	-47
9	-9	-8	47	-47	8	-5	-50	-33	12
-23	32	-45	10	31	-36	-37	-38	49	25
18	4	32	2	25	19	3	1	-20	-5
37	43	25	43	-19	-44	27	16	-36	-44
-45	-11	28	28	36	13	-38	-23	-15	-36
-48	-5	-10	43	29	19	-22	-10	-30	-17
-27	11	32	-25	-15	22	27	19	49	26
-28	-11	20	39	13	-37	0	20	28	-21
-50	32	-43	-3	25	-9	-29	-33	-4	-39
-31	40	-37	10	-48	29	32	-1	-12	17
-41	48	3	-50	36	-33	39	-15	23	-30
-18	38	-40	-19	41	4	29	27	-40	46
-18	26	-9	-3	0	-9	10	27	50	33
39	-17	-36	40	4	-3	-42	22	42	-24
-3	23	25	41	24	20	-29	45	-24	12
6	22	3	-46	33	22	20	41	-47	-30
-31	22	36	-11	-12	8	-8	-18	32	38
19	17	7	-34	-47	-24	-5	-9	8	-37
2	31	-22	27	-15	30	-26	43	44	45
40	17	-24	-34	-8	-45	0	-30	-16	-41
41	-44	41	-39	-19	17	11	8	-6	32
-12	10	-16	16	1	19	-35	41	17	31
-35	10	-47	-26	-48	7	20	48	22	-19
29	36	4	-23	-10	33	10	40	-10	40
50	14	33	21	16	42	-41	13	-21	-3
-23	0	17	32	-5	-38	-3	38	-5	23
-34	3	-27	14	-7	18	48	-7	-14	30
-5	-6	4	-38	-28	1	-36	-5	-25	14
6	-44	38	-28	-49	-14	-43	-47	37	-24
31	16	-27	-25	-17	9	3	-28	13	38
41	4	-6	48	-27	0	-50	-36	45	3
32	-38	-34	4	-3	-43	36	30	-16	-36
29	30	25	-49	-18	-42	39	-1	-44	-8
-5	3	-48	-35	-26	8	-33	9	37	11
37	40	44	-40	2	-2	-12	14	-10	22
44	50	-12	-6	29	2	36	-49	-49	-39
-2	41	-49	-33	15	-44	-30	37	48	3
-20	8	38	-39	-14	0	-12	33	-37	14
-3	-13	48	27	-14	33	-27	39	45	-25
-34	8	40	-48	42	-20	4	21	27	-45
17	-46	45	41	32	-13	42	43	38	45
-18	41	-48	33	-18	44	-42	-28	32	-26
36	-44	39	49	-6	-25	28	29	6	-17
-28	-6	-15	-22	5	7	50	-27	-42	29
11	-7	9	26	-25	-6	44	-29	-31	48
-27	-41	46	40	25	22	10	-15	-12	-7
32	-32	29	-49	-19	42	-17	24	6	-18
-12	50	50	4	5	-1	8	-40	-49	29
3	20	14	-32	-37	-15	-46	27	50	22
-21	-26	47	29	1	39	-39	-9	45	18
33	2	-2	-44	-40	21	-30	44	14	-37
18	17	-27	43	-40	10	24	-23	-36	-41
-25	-12	20	-42	9	14	-7	-1	11	45
-33	-23	-19	-4	7	-48	-22	-38	-2	9
41	-41	45	37	29	6	6	8	5	-12
-26	-3	-10	44	-2	-9	31	17	11	30
-17	7	-12	12	-9	10	-24	14	-3	-25
-50	34	15	42	-11	-7	-4	-20	-32	45
-19	-1	-47	18	18	25	9	44	-48	-43
19	43	6	37	-15	9	22	43	-11	-35
-46	-17	-12	-19	-40	-17	31	9	-45	47
50	48	-34	-46	43	2	-24	19	11	-18
0	22	-49	-10	41	-12	-38	-19	-13	-2
-47	24	-12	-46	-7	49	-13	-16	17	4
-28	50	25	-8	-38	-13	8	25	-35	6
38	3	-17	2	33	-11	23	-23	0	46
-41	5	14	-13	17	27	40	32	26	2
2	-8	-7	11	-2	30	-24	1	-13	-37
33	-19	-42	10	-12	-10	17	-37	16	34
17	-13	-29	-35	28	-20	9	-31	-31	2
-27	-45	-29	37	-2	-31	-17	1	21	-6
13	-37	-49	-4	12	24	12	35	41	2
-47	-13	-11	48	-22	-47	-43	-14	-36	35
20	15	19	43	-46	-1	48	-12	-22	-30
-10	-31	-5	0	40	-42	-39	49	-7	27
4	-33	-6	39	18	-26	30	15	17	-39
11	34	2	8	4	29	-42	43	-7	20
48	13	23	-46	25	20	29	28	20	-34
20	-31	25	-5	28	37	5	3	-16	8
-18	-23	26	26	-36	40	-24	5	4	-10
-18	12	-48	29	5	-39	38	-4	-41	-14
43	12	-21	-11	-4	6	-23	30	5	-11
36	46	42	37	16	-14	17	30	4	48
18	-9	-47	-26	32	22	-30	-23	2	-18
-1	-16	42	-14	1	34	9	-49	2	-50
-29	41	30	-4	-20	-48	19	-12	27	21
-10	-28	-31	33	39	4	-46	12	27	-33
-39	-21	48	-16	-36	45	-38	-37	21	-43
19	-1	-9	-40	0	19	-42	9	43	48
32	-46	49	19	43	10	-21	30	-33	-29
-15	-25	-22	47	-29	-11	47	-39	35	-5
42	46	40	11	39	-1	33	0	24	-17
-30	-23	-1	-2	33	10	44	-31	42	-6
37	-8	-26	49	26	-9	36	36	44	-7
-2	36	47	35	29	10	18	-14	-2	-36
-49	34	-28	-12	6	-43	-38	-48	33	30
-12	-36	10	-32	-20	6	46	-39	-14	-9
49	40	46	6	27	34	-16	-48	29	-25
-48	43	-45	0	24	-5	31	-34	29	12
35	43	13	-45	-20	8	40	-22	29	17
50	35	-16	12	10	6	15	19	-40	-3
46	-25	-7	5	-8	21	-48	-37	-29	-35
8	-45	20	-29	-48	-32	11	-36	41	6
-42	-7	-1	9	28	-26	20	-8	-16	33
-26	-20	-30	49	16	4	-29	34	-40	-17
36	33	-21	-22	-36	-30	49	14	-36	-19
26	-41	38	-40	21	-35	-34	38	-16	41
-21	-7	21	-9	-10	31	45	-35	-41	35
-38	1	-37	-4	-23	-22	-31	-35	-11	-14
45	-4	38	44	27	12	8	-44	-10	25
-9	37	-13	48	-17	-7	3	-7	42	-34
29	12	50	14	17	-40	41	47	-39	-6
33	-33	-13	-19	31	50	-49	33	9	-18
41	-12	-45	14	32	-21	47	-23	-42	-4
-14	22	-18	19	-20	-33	0	-8	-8	-50
-31	19	27	26	50	-2	35	-21	-35	21
-43	-48	1	2	-11	16	-38	47	25	21
-36	-47	25	-19	26	-40	-34	21	-24	26
13	-19	35	22	19	45	25	-10	-14	43
-42	-30	-33	-14	34	-10	25	-47	16	3
-12	40	-45	-32	23	-17	13	26	15	25
17	-24	40	-39	-27	-8	17	42	8	1
13	-35	12	-9	-16	47	-49	-15	-3	-23
14	20	14	11	-10	-22	2	-37	14	-25
21	-32	28	39	-17	10	14	-35	36	22
-5	-37	45	14	-15	4	-7	38	-41	46
-33	-20	16	-33	-21	-48	1	21	27	-41
39	20	1	-5	15	45	22	-40	-4	-5
6	-26	-1	-40	44	26	-36	42	1	22
22	41	17	-45	22	-6	-16	20	-41	-15
-50	-16	15	-6	26	-11	13	43	-14	-20
5	-8	-29	7	13	3	-28	21	-22	-8
9	-1	-22	-42	24	-17	-21	-39	-1	31
-49	8	38	44	44	-19	6	-47	-14	14
-21	13	-46	15	-23	-36	-22	-15	-3	-47
-32	21	18	-27	36	-33	6	-3	-41	16
-34	27	11	32	-41	-7	-5	43	18	-29
-38	-38	-27	9	-6	-13	29	25	37	41
-25	32	-49	-14	34	-42	44	-48	5	-15
9	-3	2	-24	32	-38	11	-27	-16	-50
-45	13	35	-29	-1	-46	-38	-33	28	12
-17	-27	30	-2	42	-24	-23	-36	44	46
24	47	16	-38	-45	-16	-44	18	9	50
38	-7	-21	21	13	0	-33	-36	-16	-34
-18	-23	33	22	-4	29	14	-23	-47	-42
46	38	44	-40	-9	27	21	-49	-31	7
-50	37	17	30	13	11	-42	45	-38	27
7	-24	-34	-45	30	-40	50	13	-38	-34
-18	-17	-35	-35	-46	21	-1	35	-10	-9
14	39	41	47	-12	15	-15	-16	-14	2
24	-34	11	-3	-18	16	28	-4	-31	42
-1	33	-16	31	19	11	-35	-13	-32	7
-3	-12	27	-11	-20	44	31	28	-47	29
11	20	20	43	-11	-18	-40	-40	39	-23
32	49	-12	-19	1	7	-21	-1	50	-3
-44	12	35	-19	4	-47	9	7	-20	-16
-41	-3	-45	-40	4	-32	4	-46	11	0
-25	14	45	20	4	8	-47	3	-22	-39
20	-12	-1	42	29	50	-38	-35	37	27
12	27	0	4	15	5	-40	-21	34	50
14	49	24	2	26	34	-33	37	31	23
-40	23	35	-25	-7	-34	1	-30	-46	-14
-15	43	15	-7	-9	-27	-50	49	-44	49
-31	-15	-26	21	-37	-2	-20	-13	-35	-32
-35	-11	41	22	7	-20	-50	44	-10	44
-36	25	50	-48	-50	20	-9	-49	29	9
-31	31	-30	14	12	10	-6	47	-24	-22
9	50	-44	21	1	39	31	-30	46	15
7	23	-5	33	-5	-14	-12	0	-41	-16
14	-41	21	12	-19	45	20	39	7	42
-43	0	-41	35	33	-37	37	-37	46	23
25	-43	1	-16	24	-38	-15	-36	-45	-28
3	34	46	-22	49	16	4	-34	-40	-13
12	13	4	-39	-34	3	30	-45	-25	-45
-34	6	-15	-26	27	-25	4	2	43	-18
43	-28	-28	-11	14	-38	-11	-24	14	-26
48	11	-28	-24	-24	9	-36	-44	1	-27
-42	-48	5	44	46	-23	-32	-1	38	-37
42	-30	-33	-17	-50	50	21	48	39	-9
-39	31	-15	49	-11	-34	-49	45	42	1
27	16	-46	25	-14	48	-21	40	30	-41
-49	24	-28	-15	17	-4	38	16	-50	14
-29	-13	35	0	-18	31	27	-7	-2	-41
10	-25	21	5	47	22	36	7	4	-47
44	-1	47	47	-25	-16	33	-50	34	16
20	36	-24	-19	-35	-30	-35	-1	-16	-30
-1	3	49	22	24	-43	36	-13	-46	34
5	38	-41	-49	38	-45	-50	25	-14	4
-47	24	-5	-34	8	7	44	-4	-29	10
12	-11	36	-4	7	3	18	0	2	-23
47	-39	9	-43	-9	-42	-48	-1	49	48
-21	30	-11	-37	-11	-15	35	-48	41	44
-39	-21	2	29	4	-15	-7	-19	29	47
46	-30	-50	4	35	-24	1	-7	1	13
38	-22	11	-23	-25	1	-38	8	-14	-26
-44	33	20	14	-19	44	-4	-45	18	6
0	6	-11	-6	8	-7	-31	-12	25	-40
-49	22	31	-12	0	-50	-42	43	42	5
-5	-5	-39	19	-8	-5	-31	9	4	29
-30	-45	5	-12	13	1	-45	19	-31	3
21	0	-37	-36	-47	30	9	34	-1	47
-18	23	-37	35	23	8	9	-21	27	-36
-18	41	-20	37	-31	-22	48	16	36	-22
24	-16	29	44	33	-5	16	-46	10	-11
-19	18	-27	20	-40	-25	-27	-12	29	20
-37	-2	6	17	18	27	13	16	7	26
-48	-29	-26	-12	16	25	48	-48	6	-28
6	23	33	-48	41	37	-28	-30	2	-1
-8	42	20	-10	26	-19	-44	29	21	-21
-11	-50	-8	-39	-32	39	-49	-47	-48	-40
11	-24	-30	27	-10	-39	5	-9	-37	13
-10	13	-29	3	32	48	-6	-4	-12	-35
-18	46	-49	-46	-33	2	-12	-19	-15	-7
31	7	9	-33	-30	-40	1	-14	12	42
-22	5	8	-43	46	-6	-37	-44	21	-7
-23	20	-10	4	45	9	-14	-22	-44	-46
-38	11	29	46	41	21	11	-8	-30	-45
10	-26	16	-38	-12	49	7	-39	7	41
-16	45	35	49	-26	21	-45	-46	-25	14
4	35	-12	-3	16	13	-14	-23	-9	-44
19	36	-40	33	46	-28	-14	33	38	7
29	-48	-1	-9	-4	-41	47	43	-42	33
10	45	-35	-13	15	49	37	35	-35	2
-34	4	30	31	0	34	42	36	-29	43
-15	7	-6	-1	13	-12	21	-37	-16	-11
31	45	28	-13	46	28	-12	21	-37	-50
50	31	4	-3	0	18	26	35	0	15
33	-33	-43	-31	49	35	39	-21	46	-7
-31	-41	21	45	45	-31	40	-14	-10	20
-13	40	25	6	-45	49	-28	23	28	-37
-50	16	27	-41	38	-43	-26	10	-5	33
31	-46	21	-40	13	25	-48	-11	20	38
26	-23	-36	-19	41	-15	14	-28	41	-41
-21	48	-20	25	-35	-47	27	18	12	-48
-8	-12	38	23	-4	1	7	-3	-36	46
-43	-50	-4	22	18	7	25	20	23	-9
-22	17	11	-21	-16	-1	48	22	-39	-27
-12	26	34	-44	-28	-23	30	-33	-41	29
-9	-13	27	-4	22	20	5	17	-1	22
13	41	-16	13	49	-29	22	32	-36	-3
3	12	-18	16	-47	18	31	10	29	1
48	8	-33	-47	-34	-27	36	-48	30	-23
-26	35	-33	-6	41	37	31	24	13	26
-40	-43	45	-36	33	15	5	39	-22	-29
23	12	-10	-12	46	12	-2	-34	-10	-8
-22	41	37	-18	17	31	37	-12	18	1
36	-5	23	5	-32	11	34	-41	-11	-35
-1	30	-35	-20	-28	-3	15	-41	-37	32
20	5	-41	-37	18	-8	-48	-37	0	21
-20	-29	26	-41	38	-26	47	12	-22	-23
-31	-24	-17	-12	50	39	-1	-43	-16	36
40	-18	6	-21	19	-18	-16	-47	13	16
-35	38	42	17	-36	-38	-26	7	-18	-35
30	31	-14	38	32	42	-10	-25	33	49
-7	43	18	24	-3	30	11	-40	19	-36
-16	12	2	-6	25	-8	22	-25	-31	-15
6	49	6	47	-15	16	49	6	-23	14
-7	1	18	-42	-27	-50	33	-43	-11	-40
-45	-7	47	39	-6	18	15	-40	-24	-11
46	38	38	-6	-45	-26	23	-45	-13	19
-46	-40	-26	44	1	22	-49	-50	35	-24
-6	-42	-44	40	1	-6	50	50	-17	-48
26	-21	-14	-7	33	-12	-42	-9	38	5
36	8	-48	47	-45	-44	12	7	-11	-25
34	19	1	41	3	18	9	2	-39	5
34	42	34	12	-14	36	28	18	-38	-17
-26	-4	46	-14	17	20	-15	36	-31	31
-47	-19	-23	-49	29	-26	2	-7	50	14
11	-47	25	-9	10	11	43	-23	-47	2
-18	-45	-16	20	31	47	26	-6	-42	-24
14	-26	-40	-42	12	38	-32	16	-33	-37
13	22	14	47	-45	-24	37	30	-33	-22
11	44	42	45	32	38	18	12	-25	21
-39	20	12	-21	-17	44	25	34	-1	49
39	-28	-5	3	17	0	29	-47	48	-31
-43	-23	4	-31	-47	-13	-16	-36	-30	40
-6	0	-3	-36	43	23	-49	23	18	-47
8	24	-9	-18	28	-15	-9	11	-34	40
-36	43	-31	49	48	20	4	-27	3	14
22	-22	24	-2	-19	-11	-30	8	-13	-30
-47	-40	43	-42	40	21	1	50	-50	-30
31	21	-22	-7	36	41	5	12	-8	-28
6	44	-22	24	31	7	15	-24	-29	-46
-11	-42	30	34	33	27	35	10	-9	38
-11	-48	30	38	-5	-26	-49	3	-39	-45
-38	-49	20	-43	-40	17	-38	42	-7	-24
-9	6	-19	-1	36	-15	-1	8	3	-22
30	1	38	41	23	49	-31	-16	25	-3
-25	26	39	14	31	27	32	-16	23	20
-43	-15	29	-3	-16	10	24	-29	-41	-25
