-10	44	-41	-27	-22	-35	-31	44	49	35
-25	49	26	9	-41	-2	40	0	-45	-29
48	9	-25	-6	-34	32	-13	12	14	42
-5	-9	21	-40	-25	31	-14	28	-4	10
-9	24	-2	6	4	48	-36	-27	-4	20
33	23	35	-42	3	-34	-13	17	11	-11
-4	-48	-37	-29	19	10	-43	-46	-42	-20
43	-5	39	10	11	18	46	-50	7	25
2	-45	3	-42	34	17	-43	22	6	-16
-25	9	-11	46	23	-14	-38	50	21	37
13	-46	46	3	-25	35	6	-47	28	27
47	13	49	-13	25	29	50	-22	48	25
-21	35	42	39	-42	29	23	-45	-27	-29
-27	46	-16	-21	-49	0	40	-6	-42	30
-2	-19	42	23	-14	-9	-38	-34	-27	14
47	30	27	15	23	-50	-15	47	48	-15
-8	23	26	-17	-7	-26	-32	-13	-1	46
13	-26	9	13	-38	27	1	-20	-37	-3
-37	12	-23	-9	-42	46	42	-17	0	41
-15	-25	-42	-10	11	0	5	33	10	-18
13	-34	8	44	-15	32	-37	-44	25	-41
-45	-17	27	30	-13	-22	-15	-10	-8	0
8	-48	4	10	-39	32	-2	14	-2	-46
14	30	-23	18	50	-37	-42	44	-47	38
27	-12	39	8	-28	9	-35	-33	-7	-41
50	42	-21	-37	-9	35	14	-39	-12	7
34	28	4	-49	-47	-10	-26	29	50	-2
-34	5	25	-4	-30	-15	45	-41	-27	-39
-11	-36	-19	4	20	-21	28	13	-41	-46
-29	12	33	29	-41	-46	44	4	-28	21
44	8	35	-41	-18	38	-2	-2	20	21
-10	37	-29	-23	-32	-41	-23	6	10	-33
-48	20	-12	-9	-37	32	0	-49	21	46
-50	-37	26	41	0	38	26	-9	20	-3
-8	-27	42	49	-48	25	-17	-13	38	-28
46	-42	45	-12	-45	31	-4	29	31	-48
17	31	24	-44	-8	34	-7	-25	-11	-39
50	43	-41	47	2	-25	-28	42	0	30
8	24	-48	-5	-38	4	2	-50	-43	47
5	-6	32	-12	-28	6	27	9	-8	49
9	5	21	-11	30	-29	-35	-47	-10	-42
-17	40	26	-29	4	-3	-48	-28	-20	38
1	-16	44	-32	39	45	-45	-13	9	-7
40	37	14	-42	12	-22	-1	16	-18	-31
-1	-47	40	2	14	49	18	-48	15	18
9	8	17	-36	32	22	30	-14	-18	-38
37	29	-50	-11	-8	1	46	43	-8	11
48	36	-47	24	-41	-5	-24	-24	14	-38
42	15	-49	-29	-19	44	47	-50	-37	45
40	-9	41	-32	33	45	-17	-17	47	19
47	-26	42	-24	38	5	-28	-16	41	-47
-5	37	30	-34	-29	22	29	8	29	-3
-45	-29	19	23	-25	-1	13	-20	-45	16
23	38	-32	8	-35	27	9	-31	26	46
48	-13	1	6	7	32	14	-37	34	45
42	30	-20	49	35	6	-4	-48	-2	11
-29	25	1	-1	50	-2	38	23	-20	34
-25	-39	-19	-37	-25	-19	-17	-1	29	-45
-13	-44	1	-2	-27	45	-10	45	-12	5
26	43	-46	-47	7	-17	-32	7	-38	-4
-42	12	7	0	13	9	-48	-8	-33	-36
9	-8	48	-34	-14	0	-29	-35	-19	-18
44	-14	42	24	-34	9	17	-25	26	-1
-31	-12	-11	42	15	-23	-25	-38	2	-44
2	-27	37	33	47	-20	42	-31	22	-36
48	-25	-46	35	-26	40	5	3	5	-28
14	3	-50	40	19	-29	-39	47	27	-12
12	27	26	-32	-36	5	-31	-27	42	19
-35	-17	-49	9	16	-36	31	-38	50	24
42	-29	48	35	2	17	41	-46	-34	-45
48	1	5	13	-30	-4	-36	7	-29	-14
1	35	-14	-10	12	38	0	12	-20	-36
-12	-20	4	-31	-41	24	49	43	25	-28
-35	4	-27	-33	-42	-7	17	48	-32	-2
36	-14	-43	-14	27	-36	0	-34	5	-48
-41	-48	-49	-49	36	40	-14	30	-23	-36
18	14	24	27	-35	-1	44	-48	49	-28
11	9	-41	-33	-29	-7	45	-10	-6	49
5	48	15	-24	31	-7	-44	27	10	22
-34	-22	24	47	0	-11	17	46	-49	10
24	23	11	-22	45	35	-1	-7	5	43
-21	-15	-8	21	20	-32	21	9	13	47
-25	-9	-22	-20	-50	7	42	-33	-7	14
29	5	-8	35	25	9	-40	-13	-17	-4
-28	26	-23	37	16	45	-1	-49	-32	25
4	-32	-1	27	32	-33	-41	-35	10	-24
15	3	41	-43	44	-29	-18	-44	-8	8
-46	14	-13	16	-26	-16	4	25	-3	-8
-1	-42	-15	-5	17	0	39	39	-19	14
-22	-23	-27	5	-15	18	27	3	28	11
-23	-25	-12	-17	3	48	42	-39	17	16
42	48	25	-33	37	25	28	-43	47	-49
-34	39	-9	-29	-48	-36	50	-14	-16	-22
-30	9	49	12	-45	-6	21	-20	-44	10
3	-50	-23	-47	-3	-20	12	33	3	44
-7	-34	-1	-13	3	29	-23	9	-45	16
2	35	27	38	-28	5	23	-40	43	-36
9	17	-49	-2	-33	-24	47	-9	-34	-34
-16	-19	10	-48	-16	-12	1	-1	-16	39
13	-7	-35	12	45	-18	-38	46	37	-43
45	44	-6	-1	-11	-37	-9	-8	24	-44
0	26	-37	-16	44	1	38	35	-32	21
-14	14	-31	37	20	-7	14	-37	-42	-5
11	-35	6	44	-19	14	25	28	-3	-21
48	15	-27	14	28	-15	0	46	-49	-35
46	-2	36	-14	-15	-32	15	-44	25	-4
-24	28	-7	-20	15	-2	0	42	-39	45
30	8	-25	26	-13	18	-40	36	-41	11
-12	35	-25	6	-6	-2	-7	15	-16	6
34	-5	40	-15	24	-4	11	2	-10	32
-43	27	12	34	37	13	-18	-43	-42	22
35	-7	31	-5	-33	20	-36	5	-8	-34
-21	-6	-15	-49	-2	-3	-11	42	-39	-19
-32	-4	26	-10	-41	-4	-40	29	42	50
7	-47	46	-36	-6	-4	8	25	-21	32
6	-37	13	-30	-5	-8	6	48	-16	41
-26	-47	35	-34	-7	-33	37	-10	-16	20
-38	19	-27	3	-44	-35	-46	-32	-13	-27
30	14	27	33	-44	-31	-4	26	-1	-46
28	24	4	11	50	-26	-47	-1	17	3
29	42	-40	36	9	50	-8	-30	-2	-45
39	-10	-39	-18	-37	17	-20	33	-15	50
24	-18	-23	3	-12	17	-8	1	28	-48
30	47	-18	8	-50	-50	-28	43	36	34
14	44	-14	48	45	-45	36	29	8	-32
-24	-26	-25	21	-11	-46	18	29	-13	17
45	-24	36	-48	23	47	-43	-5	-3	-25
46	-45	-33	39	-18	-49	46	20	19	29
38	-40	-14	21	-45	-48	-41	-13	37	4
14	-43	0	-20	-47	-34	-49	5	42	-43
-21	-7	-1	10	-28	16	-26	48	40	-1
-19	-12	-29	8	-25	-24	-46	2	-50	-47
-24	24	-11	-28	-20	-20	-10	23	42	-36
-26	46	6	17	-36	-46	14	5	-5	37
-38	-40	18	17	39	9	36	-16	48	-23
21	-30	-50	-28	49	-38	-32	-14	-39	35
-16	-14	-41	-11	5	-46	-41	-25	10	-19
-12	-14	36	-47	1	-20	-2	3	-25	35
22	-44	-43	18	-43	-18	12	8	-39	-17
-5	-45	-47	38	-8	-32	8	3	15	42
15	-13	22	23	8	-8	-11	-8	48	-22
43	-12	-44	0	35	19	33	16	49	2
28	-47	-4	12	-40	1	-25	14	-17	-19
10	-45	50	31	-39	4	3	-42	34	-21
-12	-21	-27	-5	35	-36	-13	24	-13	-22
-40	-22	-3	37	-34	15	41	15	-4	22
19	13	-8	15	18	-40	-18	22	37	-41
33	-46	3	9	44	26	-11	38	33	39
1	-1	37	1	50	-20	36	33	29	44
-27	-12	-25	-14	5	-13	11	15	-13	46
-40	21	1	22	35	23	-17	-20	-17	36
19	32	-18	-16	-36	36	38	-47	-40	-35
13	38	-12	38	25	-4	-14	-29	47	-42
-49	2	-29	-10	46	-33	9	4	-46	-50
-21	-7	33	4	11	38	37	23	-34	-49
29	34	-50	34	-24	9	-20	-18	-5	-40
-8	1	-13	-34	50	-23	7	18	47	28
-24	-32	41	12	18	-25	29	24	16	-35
-22	49	23	-5	-33	48	26	-40	-20	-12
6	-37	2	-18	41	20	2	-43	-28	-31
-48	-45	-15	25	39	48	8	19	-11	10
-23	45	27	9	34	-6	11	-44	-17	-36
-11	28	10	-28	-4	4	-18	50	-49	-30
-42	20	-18	-4	-19	31	34	-36	35	-19
-19	4	-43	29	-46	24	47	3	38	-39
-40	13	2	14	21	-6	20	17	39	20
49	22	-35	19	-40	-3	-34	-13	-38	0
19	-5	13	49	-20	-12	45	28	-11	24
-2	38	30	16	-7	45	16	49	-50	4
-9	-26	-36	-10	-26	-16	21	2	1	12
-5	28	-33	1	-34	-2	-30	-22	-30	33
39	-39	1	36	-18	-7	45	7	-21	20
19	29	-44	18	-2	46	-18	42	40	-36
-2	-20	6	-18	-14	15	-24	-44	45	5
39	40	-50	22	44	-13	14	4	-49	-21
-40	22	-14	-14	-23	-1	49	-19	39	-16
-47	45	37	-11	-40	50	-35	28	-29	-41
-35	-45	-27	32	14	10	3	-4	-38	-24
-31	-28	-42	-24	6	-47	-18	49	-18	-50
-23	20	-2	-27	-42	24	-15	-29	16	50
-45	1	-22	5	-47	45	-31	-33	0	46
-3	-25	-46	7	-36	-29	-35	41	-31	-48
0	10	27	16	3	15	-31	16	-29	18
-35	-32	-5	-29	34	43	-46	-45	33	26
-24	1	28	-42	-46	-45	-21	23	-36	-9
5	39	2	-25	-15	30	27	-4	25	-16
-13	10	0	40	-33	30	-33	-6	27	-20
35	28	6	9	-5	-44	-50	32	43	0
4	22	-10	-49	-14	46	18	42	-5	37
30	40	-8	50	-18	-14	5	45	36	-22
23	46	-40	6	20	39	-14	-19	-41	42
-25	-10	11	32	-35	47	14	-7	30	39
47	15	-18	23	39	-44	46	-50	-43	17
-47	26	46	4	33	16	-10	0	-24	48
28	-24	-17	-20	5	-35	-47	31	-29	-19
-6	-9	-37	-25	6	24	-44	-30	-46	50
-38	33	-16	21	-25	11	17	-14	-43	-12
-33	19	-42	20	-9	-47	-19	24	20	0
-5	22	27	-18	32	-40	33	42	50	37
5	-28	-27	-31	-25	31	27	-23	-38	26
41	7	-32	-23	49	46	-46	41	-28	22
4	-35	-24	35	50	-49	-26	-24	33	-29
-8	-25	11	-30	-9	-26	48	39	-10	-14
15	27	-46	13	31	15	49	-17	-45	15
-20	-9	-30	19	1	43	40	28	24	33
-33	-36	-24	28	-30	46	28	-22	46	0
3	10	-36	28	30	15	46	-3	-20	-9
12	-50	35	30	22	-14	34	-36	-9	-12
-16	-45	-38	32	-44	40	-15	-12	11	10
21	27	35	4	-36	32	-21	45	13	-29
47	43	-40	36	-39	-16	8	-23	-28	11
-23	-28	50	42	-47	16	-49	-2	28	21
43	2	23	-5	26	-49	43	13	-27	38
-18	17	-47	26	10	-44	-2	35	48	2
-46	-3	49	49	0	-31	-39	-12	24	-16
28	25	-35	-37	27	-2	4	7	-21	-45
50	-50	18	-42	19	25	-26	-42	-23	20
9	-40	5	-39	-20	20	33	14	46	-48
-47	-28	-15	46	2	26	-41	17	-14	-45
-30	29	-35	24	32	-3	-32	12	47	46
-39	35	-9	-14	-18	37	-24	45	49	-2
-2	35	4	37	17	-31	11	-43	38	0
-6	-19	-3	19	28	49	-38	36	-1	-31
42	-29	8	-1	-46	-42	11	48	18	38
-48	-12	-39	-48	3	-12	-17	6	18	46
8	-38	6	-43	-28	22	2	46	34	-34
-11	4	26	-18	45	-7	38	37	35	47
38	21	-5	6	36	43	24	19	40	-43
5	-1	-25	-6	26	-8	-33	-19	49	-35
34	-43	-45	39	33	28	-21	43	-4	-43
35	26	-5	-23	-18	7	-47	-36	32	46
4	-37	-24	48	-19	16	-17	-22	32	-50
40	-21	-37	-29	-38	-2	30	36	-8	-20
-14	-28	14	-17	-19	-14	-44	-41	-41	39
-30	-31	-9	41	29	23	32	-48	20	-32
-39	-7	17	39	-34	44	-40	-4	45	41
27	17	-1	-36	-39	24	18	-24	-42	-17
-10	-14	-42	47	-22	-23	-5	-50	-22	-50
32	-1	-19	23	-43	5	11	-13	19	16
-5	-16	-45	-12	-1	-29	-26	2	0	-49
-5	-39	-25	-33	3	4	17	16	-13	-16
8	39	-22	15	-31	37	37	-14	-44	-7
3	-24	5	-41	-3	-36	-14	19	-39	15
-13	44	1	-31	-43	33	-17	-43	-39	-30
18	25	42	32	-25	36	6	25	-4	7
8	-47	-49	5	-12	-4	-34	-23	-41	-9
-5	-17	-48	44	39	20	34	-31	-15	-33
-25	19	-36	-44	-25	20	39	-10	-15	7
47	12	-21	-1	42	-28	25	-11	-11	25
-21	44	-16	-12	-30	-48	-43	37	-26	-43
29	-49	-44	-10	-22	4	30	13	-28	23
-19	-14	-13	44	18	-25	-47	-16	-35	42
-45	-46	-38	-7	-1	19	19	-13	-22	-28
41	-45	6	15	0	50	17	38	-3	-25
9	-44	40	-15	-6	-24	44	-10	39	-37
-29	4	12	31	-45	-26	-41	43	-9	-11
-3	31	-18	-5	-31	-6	-46	-19	4	44
-25	11	29	41	-32	30	-13	-35	-27	20
14	7	47	34	0	-2	18	-5	-13	-37
35	-44	-34	-15	33	49	-18	-21	-18	29
15	-49	25	30	-43	-45	-48	17	44	48
21	-27	43	-24	-25	-29	3	45	-37	-33
0	12	-12	-37	-48	-20	-7	38	32	28
39	31	-24	-3	-35	13	14	26	33	-14
-26	19	29	-50	43	30	-12	-27	-39	21
47	14	45	5	27	46	-20	12	37	14
22	-15	32	43	48	-26	-9	28	-4	38
6	-16	-47	-2	-46	50	11	-50	13	-42
0	-16	30	5	26	-9	39	-25	43	10
23	11	-26	9	-3	36	10	28	-18	14
-30	-20	39	23	-42	10	-13	-30	-10	37
-47	-6	44	47	42	24	42	16	40	2
-40	45	-40	-23	-34	7	-43	-46	14	-43
38	-29	5	33	44	26	-21	17	17	-47
-39	-49	44	36	4	44	36	14	43	-46
23	-9	-45	-38	-19	-44	11	21	-17	-42
14	-23	-14	-18	31	8	-19	-37	0	29
41	-15	5	39	-11	45	-4	-12	-19	9
15	-36	30	-43	-3	33	-13	-5	-18	40
-12	30	27	33	33	39	49	-50	-4	12
-28	-23	21	-1	-1	-17	4	-30	-45	40
17	-29	5	-45	36	23	10	39	0	-28
-47	13	35	-34	-8	-1	30	27	-12	28
-28	-47	22	-47	18	-13	39	15	-21	-25
-23	-4	13	5	-49	-24	40	9	-41	17
6	5	-19	39	42	-15	-3	32	37	-8
-17	33	-41	5	49	44	-47	-37	-29	43
2	12	-47	28	-32	-13	5	7	-41	-11
1	35	28	16	-29	46	20	39	9	-26
6	0	-16	-38	-44	-44	20	-33	7	-10
-41	13	-5	-42	38	-16	-38	-2	0	-27
-39	33	-45	22	-34	15	-41	-35	-47	31
-48	27	2	-35	-44	33	11	41	36	47
1	-39	0	25	-47	-6	-50	14	-33	-47
9	-16	35	-45	16	-22	17	-30	46	-29
24	44	-37	-45	11	-18	32	30	33	-22
-12	36	-48	8	-39	-37	14	-45	-45	20
36	45	-20	21	-29	20	22	12	-50	12
46	43	0	30	-11	15	-8	17	-35	26
44	-41	-35	-30	-5	33	4	-13	-4	22
-3	4	-29	-21	-27	27	-23	-46	-27	-37
-47	-26	-41	-31	-37	39	24	40	-45	27
28	-9	-4	-49	44	-36	14	46	-7	-49
-30	-7	-43	29	17	-50	7	9	8	41
-11	33	-37	41	3	12	29	49	-13	7
-49	-27	-45	41	10	26	16	-32	-29	-22
37	45	10	-5	-27	-7	-3	31	-31	49
31	5	-28	31	42	-47	-48	-19	-36	45
50	-37	-7	0	2	-26	-19	39	-30	15
-47	-24	47	-25	20	-45	-40	-40	-44	-27
19	-20	-46	-25	-45	0	-22	-4	-5	-39
-39	30	32	20	-45	-20	-3	29	-4	17
-11	-46	-15	16	26	9	35	4	0	38
39	26	5	33	34	-17	25	49	-12	33
-50	44	-32	-1	33	-1	9	-25	-41	-32
42	-10	19	-50	6	14	-8	-17	19	-4
7	-3	-17	-10	21	5	6	-26	-25	-14
36	24	-46	12	11	5	-47	28	48	24
-1	3	-43	-37	48	-30	30	18	-2	-11
-27	33	-28	-16	24	29	13	33	-35	-42
-46	-42	-16	-35	18	3	-39	38	-30	26
48	2	-43	25	-2	35	20	-50	25	-31
-37	-25	-30	12	-43	20	-44	13	-45	4
-46	-21	46	-29	29	-16	38	2	-11	-1
3	-33	-36	-29	-48	-10	31	-30	25	-39
-33	16	-4	36	48	-29	48	-48	3	12
-17	15	9	19	9	-47	-27	46	-36	-44
17	-40	21	8	27	20	-19	9	-20	-7
33	16	47	1	25	49	-14	-9	47	-50
36	10	-49	-4	48	31	9	-14	-3	40
18	7	12	-44	-13	-20	50	16	44	1
8	-10	46	27	17	8	6	-30	17	-50
-24	-46	42	20	-16	5	-40	46	17	-23
-13	14	30	32	-45	-38	-41	42	46	41
-34	10	43	22	35	-27	-27	21	1	-35
36	-36	26	-10	11	-23	-46	-22	-23	-16
41	-34	-3	26	-37	12	23	18	12	-9
41	-28	36	-33	38	-23	26	27	-47	-43
38	-33	-26	18	-50	10	17	14	13	38
-40	-28	-13	40	3	0	6	-47	-15	15
-26	-31	-10	10	46	12	34	25	32	-1
-12	-22	-27	40	31	5	21	34	-9	15
-10	25	-26	-5	18	18	-43	45	36	-23
39	-13	4	-22	2	-4	-31	-41	-24	26
-8	44	44	-40	21	-5	-26	46	46	-37
-8	-35	17	-16	43	44	-26	-23	8	12
33	-42	13	-14	-32	25	-43	11	23	-44
24	-43	17	-26	-42	2	44	49	49	-44
35	-9	-42	32	0	40	2	-36	-8	32
-14	32	-48	41	13	33	14	-3	46	-19
-45	-45	8	10	-18	-11	-41	28	25	34
-19	-46	-10	-5	-36	49	12	30	-19	24
-36	-22	-44	-24	23	-4	0	-28	-49	6
35	10	-3	40	-25	10	-24	13	-40	11
29	27	4	7	-23	8	11	-40	-39	11
0	-8	-9	23	-1	-15	25	39	14	-21
35	-4	42	29	-15	27	-32	-49	-41	-24
19	-45	39	-39	29	-32	28	-9	0	-30
16	19	-50	-30	44	-27	-8	44	4	-9
-14	-39	29	36	29	-3	-3	17	-44	41
43	27	-29	31	-24	38	46	-36	36	16
-22	20	-46	13	18	3	4	43	6	-17
-9	-14	26	-45	-46	-5	28	27	6	3
-41	-33	7	-6	15	21	-33	2	49	-20
26	24	-6	-46	-39	12	24	0	-31	29
9	-24	-27	3	4	20	26	-38	-16	-35
17	-16	-25	-27	-42	-29	22	43	-42	-28
-8	40	-33	-15	-29	-47	-48	-19	14	6
-47	32	43	32	-44	-13	-14	-46	-15	-24
-25	27	-46	-26	-6	-17	5	34	32	31
-2	-24	20	37	-29	-45	38	-30	-11	1
36	-41	-47	-39	-40	37	22	-6	-28	8
-2	-38	44	19	16	13	4	5	3	34
-42	44	-42	11	43	-40	35	-14	-23	40
-1	-45	-13	23	39	-9	3	49	19	-18
-45	48	-11	-50	15	26	-9	-40	-5	2
-45	-18	-23	-34	7	4	12	43	21	-47
-25	0	50	-49	-43	-46	-34	7	-41	50
-15	28	-38	18	-17	35	40	-30	-37	-21
8	-6	35	-48	50	-41	15	-24	17	0
19	14	42	-1	-6	33	-28	19	48	-44
-31	34	15	-39	0	-18	-5	25	-23	6
48	-19	31	-1	-1	-28	12	17	17	-50
50	36	-36	40	6	-48	-16	-27	-9	-35
44	47	-14	-50	-21	1	9	-16	-17	16
42	32	-36	-18	35	42	29	18	15	-36
38	-2	1	31	21	-25	39	17	9	-42
14	-49	31	2	25	-12	-50	-33	-31	-15
33	32	-41	-22	-15	9	12	3	47	45
17	-24	24	-10	48	49	-31	-49	-5	25
-13	7	5	-50	26	48	-46	-10	35	-2
-39	-14	18	23	45	45	16	7	-32	-20
-2	23	-33	50	27	50	-17	-20	17	-44
21	45	45	-27	-17	-6	17	5	12	-22
25	-46	-41	41	-15	-40	38	43	-40	-29
-10	47	36	-33	-47	48	50	-26	39	-5
-21	-33	-23	32	-22	-3	-26	39	-44	38
-6	-35	40	29	6	38	28	13	45	-4
33	49	30	23	18	-40	12	45	35	-23
13	-41	-48	-21	45	-26	34	-28	-44	-27
37	-23	-35	1	30	-2	-28	-30	6	37
45	23	-5	21	28	-27	19	26	-50	48
45	-18	17	2	-20	-46	-9	17	-18	19
45	-25	-3	15	-45	-33	0	44	21	-4
19	-37	40	47	50	-17	-28	-28	-44	46
-24	6	20	19	-11	2	-41	3	-34	17
-32	27	-2	-44	-26	13	-2	-24	30	34
-31	28	6	8	-23	-48	24	23	-8	38
34	-6	-29	23	-22	-5	-38	-42	-2	-37
-18	8	12	17	4	-15	48	26	-30	50
-41	-50	-33	27	-34	-4	9	-23	25	-9
-17	47	47	19	7	24	36	50	15	3
30	-33	-32	44	-25	-33	-20	-1	-23	39
48	-39	50	45	27	-4	24	-1	-11	-7
-22	0	-21	28	34	31	-30	-23	39	-3
28	-48	-17	40	-28	-5	0	35	19	19
-48	41	-50	26	-21	20	-1	-37	-8	-34
-15	48	-28	14	27	-29	-27	-3	44	26
18	-20	32	-11	43	49	37	39	48	-5
-8	43	24	6	39	-11	-31	8	5	33
-22	7	48	49	18	41	22	-10	26	-33
-35	-24	21	20	-38	-4	-22	4	46	42
-7	-44	-10	17	-23	45	20	-6	6	-21
-5	-35	-26	-47	47	-34	-8	-9	-34	-24
-29	12	-50	32	25	-12	46	50	23	21
-20	-7	19	8	43	39	-7	-24	-22	-18
-15	14	33	-44	8	-45	-19	0	-20	-30
-42	-8	-42	-1	-38	39	-2	-2	-31	36
-37	39	-49	-35	27	-9	9	-47	35	-9
7	-46	-50	37	-40	-47	-15	-39	17	43
-12	46	19	-50	-7	13	-4	-21	-37	-30
45	-34	40	10	13	-34	-8	37	-4	13
-13	-30	6	22	36	21	-5	4	-16	-38
49	-46	9	-43	22	34	-38	-30	4	-43
-40	-20	-24	-36	34	-29	16	33	-47	27
43	7	40	3	-37	1	-28	-14	-33	28
46	-6	-29	-4	-41	48	-1	-12	-3	28
-49	11	50	-25	-30	-46	50	-10	39	3
37	7	-12	-35	-21	-41	10	-10	16	32
30	-30	45	-35	17	-40	35	-40	-44	26
46	-28	-22	-45	-23	5	-40	46	30	-18
-13	-13	-11	5	18	-44	9	-27	-5	-14
25	-15	43	37	21	9	18	27	40	34
1	-7	-17	-1	-48	4	10	28	-50	-9
3	-19	35	-25	43	25	-39	33	-5	-32
3	-33	-20	-39	-31	17	-15	-29	14	5
20	-27	28	21	-24	15	19	0	21	47
-24	16	33	36	32	-22	-29	16	13	-30
47	-48	-39	47	24	-49	14	22	-21	-28
24	43	-12	1	24	-1	41	26	-34	12
-14	30	-12	-33	-41	-9	35	45	34	-15
41	6	-45	-38	23	-49	-27	-14	1	15
39	-30	-30	12	18	22	7	43	-3	17
16	4	5	-11	-18	-24	-45	-28	44	27
-43	-24	27	9	-38	-12	-30	-47	-13	41
-37	-48	-49	-2	47	-24	-9	13	-8	-30
7	-46	-49	47	-21	-33	-42	-21	-4	17
16	-38	-3	-11	-27	11	-49	-32	-2	-47
-34	21	-49	11	4	14	30	-39	11	17
1	-48	38	22	-41	-38	-12	-32	-14	-11
0	-25	0	-32	29	4	-35	-29	-47	-36
-29	-22	17	24	39	-40	-14	-31	-49	-6
42	32	-16	-43	21	30	41	-33	-12	1
-28	-47	35	11	22	-35	-22	48	11	-50
37	37	46	-16	-22	23	42	-26	-24	-4
-35	14	-5	-17	-29	34	-16	-34	-47	36
32	-25	32	-39	24	45	-25	23	-28	-40
-14	-11	0	-39	-14	-19	18	-49	13	10
29	50	28	35	-31	28	-12	15	-7	-43
1	37	16	23	-49	9	-4	0	30	-39
35	-50	7	7	-39	39	30	-49	37	-19
38	38	-43	46	11	-1	-45	-26	14	14
6	-22	31	-17	6	-42	-8	-40	18	-32
14	39	-47	-39	-18	29	41	48	-30	-50
-25	-12	-16	-32	-40	33	0	36	33	-35
-5	-20	-4	40	2	28	7	26	16	20
-39	36	-47	32	-27	32	-9	-38	49	31
-9	41	2	-20	26	-30	-48	-7	35	-39
-38	14	-45	-32	3	-14	0	31	-2	-13
-48	38	38	37	33	47	-29	-27	30	-18
-36	4	28	-26	-7	44	-21	-7	-40	6
-22	-17	39	1	23	-22	-38	-25	-14	-25
-49	-25	-45	48	-17	0	-11	45	47	-27
37	46	-12	15	43	-45	26	20	6	12
17	9	-4	41	-46	-6	18	-15	-10	-21
50	28	23	12	48	-36	-1	43	36	-20
-37	13	-36	41	19	45	4	-20	2	-40
-20	15	-30	28	7	-21	22	-45	-50	-42
-26	11	37	30	35	-41	-38	-8	-6	-9
-35	50	-31	-40	15	46	16	-30	-40	22
50	-42	-20	0	4	-49	-25	13	46	-25
-48	-35	-32	4	-32	9	-24	-21	45	38
28	-37	22	-44	44	-29	27	-49	-24	-6
-27	-2	4	-19	-34	34	-7	-50	-25	-12
-25	49	-46	0	-49	-37	21	11	40	-9
31	22	10	23	-38	-28	-44	-3	11	-44
15	31	38	-18	-46	31	-13	32	-7	2
10	-48	32	-28	-46	-43	48	-45	15	11
41	-21	-9	32	-7	-13	30	39	-8	-49
46	9	-13	22	-21	-40	37	35	-15	-11
-8	34	10	-3	30	34	35	-25	32	-43
-46	-19	32	3	-1	-10	-43	-20	-38	12
-6	48	43	-16	-1	32	-16	-33	-31	-13
5	-36	-12	31	-19	28	50	-13	-29	15
23	14	-26	41	-23	8	35	43	-38	47
-30	-25	-4	38	-8	36	43	-27	-36	8
-4	5	-21	36	-32	2	44	-5	-25	-24
1	-6	49	-34	-32	46	5	8	47	40
27	-29	23	48	30	-48	42	-22	-28	-27
29	44	-45	-6	41	42	-24	47	39	-39
32	5	-23	27	49	-1	24	32	27	33
17	1	17	11	35	17	-36	-33	1	-39
45	-18	17	-12	22	-5	-3	13	-43	41
9	-6	-47	-40	29	27	41	-6	-17	-15
11	41	-6	-49	45	-37	-16	7	36	-43
34	-27	34	-8	-22	7	29	34	48	11
-50	25	-25	7	26	-33	21	-35	43	5
-16	-13	45	-18	-21	31	-30	46	38	37
-12	20	10	14	-22	19	11	-44	-10	1
14	-23	-26	18	25	-33	-49	-50	-24	-28
-44	-9	42	-6	-10	2	-30	-9	49	39
-3	10	49	-9	-4	-23	3	-19	-5	34
26	-3	-38	-7	-31	-46	4	17	-17	-37
-31	-48	22	-33	-18	22	-28	-41	-48	2
-50	-38	7	-14	6	9	43	18	14	-48
29	38	35	-34	-23	-50	7	-41	40	-32
4	-28	-30	25	-33	29	46	29	42	37
9	13	-40	15	14	-32	14	-29	46	35
37	-24	-32	37	-19	33	-31	50	-16	29
-1	-29	43	13	8	-19	30	-50	-21	7
42	-27	21	40	-47	19	-26	-47	-34	-47
-17	-11	20	-9	47	37	-1	19	-29	28
11	6	7	25	47	32	28	-42	-27	-6
-19	18	18	-37	11	-14	15	1	-2	-40
-21	1	-26	6	2	16	32	-42	20	0
-23	16	-1	48	-14	-37	-14	48	44	-18
22	-21	-18	-33	35	-15	-38	17	-15	-49
28	-48	41	-20	21	-19	-14	6	29	50
-6	-42	-25	1	11	-4	-49	29	-47	3
27	40	39	30	17	21	-47	35	-20	-6
33	-48	42	0	10	4	-24	-49	-42	-18
-44	-25	-33	11	12	2	-40	-39	-19	-11
-2	15	-28	-50	31	49	11	-44	-44	2
48	12	36	-25	-50	21	9	33	-28	7
37	-28	-36	7	-47	12	-49	-42	-10	29
-5	42	41	4	-33	-10	-19	-41	-1	-10
-4	50	12	-21	25	-35	14	-18	27	-7
-3	-12	31	1	30	5	-10	-50	-9	-46
13	13	-2	41	-27	-47	10	39	-1	36
38	10	0	34	-13	-22	49	-50	-47	-17
-6	48	-35	-19	8	-39	-38	-33	-28	-13
35	-46	-15	7	-31	-26	-28	49	36	31
12	14	-8	50	11	35	-37	11	13	-13
-48	-22	12	-6	-23	-2	-27	12	37	-26
-20	-34	39	40	-27	34	-25	21	24	19
31	39	21	46	-34	-24	-7	-29	17	45
-8	50	12	-10	38	-4	-43	-15	-10	-14
-33	-40	-21	33	16	45	-14	35	6	38
47	-5	9	37	30	-36	-19	-23	-11	-42
41	-48	-28	5	-47	42	-36	49	5	-15
36	25	-12	28	45	-12	17	-34	23	32
-7	34	43	25	3	35	-9	-6	46	-26
18	26	-20	-40	-48	24	5	-7	27	35
44	-41	25	-40	-49	19	27	-30	36	-23
14	-40	-42	-3	36	-30	-32	12	14	3
-13	-49	-27	4	27	-42	-22	-44	-40	-32
-34	-10	5	15	-32	-10	50	35	43	-23
-39	13	0	34	2	-26	19	-6	39	7
-30	-20	14	-48	-23	0	21	34	10	3
-12	39	-38	3	19	8	-21	-36	-1	23
26	26	37	5	-25	-31	45	-27	-32	-48
-39	39	-47	-24	-34	20	7	15	-37	-48
-41	44	11	-8	9	-45	-18	-40	21	-16
16	10	30	-33	27	-29	7	48	-23	39
20	-17	-25	-12	-9	12	6	23	31	24
-11	-17	24	-44	22	-11	19	-11	17	-45
-31	-23	-11	-16	-45	10	14	27	-5	46
-6	-44	-31	-13	18	7	10	9	-38	-7
-4	-37	-47	30	-20	18	-44	3	0	-4
-34	-45	0	31	6	21	-12	12	0	35
50	27	9	10	48	-45	-9	-32	-18	26
17	19	26	28	-10	-44	-27	1	6	13
7	-18	-27	-40	50	-3	28	1	-25	-3
29	-37	-23	7	-17	28	14	8	-12	34
-21	42	39	-19	39	12	3	23	16	-1
26	-9	-5	-8	18	8	10	50	-50	-4
-5	7	30	48	-50	-14	36	-50	-49	44
-22	24	-35	26	18	8	49	49	-18	-48
35	20	-35	46	-42	-34	46	-26	-39	6
42	-35	43	-27	-7	-8	-37	-18	-36	-34
4	46	-25	-13	-33	-36	1	41	13	-10
24	-32	-22	33	-50	-16	46	8	45	6
29	38	-21	20	38	-12	13	-24	43	-28
-7	0	-9	35	40	-27	36	48	-47	-36
7	42	-23	16	-29	-50	-41	-40	31	8
-11	-16	21	-26	17	-24	-11	28	33	0
16	39	-43	48	-40	47	-12	46	-14	33
41	39	17	26	45	-15	41	45	8	9
-32	-20	12	8	-10	6	44	5	49	49
-12	-13	-14	19	38	50	11	30	34	5
19	-22	3	12	-47	-40	-15	-8	15	15
41	50	20	-28	15	28	47	32	3	-5
-35	8	27	44	-24	-18	-21	22	24	34
48	-50	-50	-2	38	-20	15	35	0	-6
9	46	-19	-29	50	-38	-15	-41	-18	19
-31	-3	17	-38	-22	0	1	-34	25	-44
2	-12	11	-13	33	48	31	38	46	-50
6	32	3	36	46	31	-3	28	-21	-35
14	-25	-45	-33	1	26	-39	-20	-10	-12
-33	-34	-12	-16	-34	46	-18	-47	-18	-12
14	39	-12	49	-12	-11	39	17	37	36
49	7	-2	27	-5	-24	26	-11	11	43
21	16	-49	48	-48	-45	7	16	-13	29
-50	-10	-43	21	28	-32	0	-30	-43	23
-18	-8	-35	-4	-44	-9	23	47	36	-45
42	-35	34	-17	-18	-41	-24	25	-34	-15
-37	23	-37	12	9	-19	10	50	9	-44
21	1	-17	3	16	25	-17	30	27	-14
25	17	34	-19	47	-27	-5	25	42	-27
-1	31	-8	11	8	43	15	24	-44	-27
23	-25	-8	37	39	-41	10	-22	-31	-11
28	-14	-18	-45	28	-23	-2	-49	-29	-25
-36	-46	-47	-7	-1	37	-49	-42	-41	9
38	-27	46	-40	-34	-17	-49	2	36	37
-16	50	3	-33	-15	-37	43	40	22	-49
-11	-36	-9	1	6	32	-33	-1	-50	27
45	6	14	-20	-39	1	1	-14	-29	-29
13	17	10	38	12	-27	-32	-36	2	-27
-15	-41	6	2	-20	42	-44	0	15	-20
47	8	-13	34	21	-32	-41	30	-50	39
31	-34	25	-20	23	27	8	42	9	33
-12	-43	37	0	36	17	-43	12	-42	-20
28	5	-30	43	0	18	-29	42	48	-36
-21	-43	49	16	-20	-10	30	-43	48	21
-37	49	-25	16	-22	-43	-2	-42	5	-47
23	42	-34	-5	-39	17	-29	2	18	21
-6	5	-37	41	39	-8	19	-3	12	-48
-17	-39	44	-41	-4	7	-4	6	7	33
-32	-7	-41	32	-8	-3	-25	41	-8	5
40	11	-45	-6	-34	28	3	-14	17	-30
-15	29	21	19	-2	-32	-50	8	16	-42
43	-49	40	31	21	-7	-33	26	38	14
-17	-15	-26	23	18	38	19	9	44	6
-14	29	-9	-42	-18	1	19	36	-17	-20
-15	6	-48	4	32	30	-13	42	23	-34
28	-49	-27	-3	-31	-18	31	-24	-35	48
30	45	10	-31	-31	-40	-31	24	-47	4
-16	28	13	-6	-18	-9	-13	-6	22	10
24	34	-21	44	-38	24	19	17	-9	-29
-26	35	4	41	-1	-39	-36	-39	-24	33
-19	22	23	-50	50	-10	48	23	-22	19
22	33	-30	1	-11	-43	45	18	32	-18
50	13	37	-24	24	0	15	4	-38	-41
10	1	-30	12	31	-2	-36	-27	-3	46
40	0	38	-32	-3	-43	35	-38	-44	31
7	-17	-46	-4	-24	-43	-14	7	-12	44
-18	9	-14	-19	20	-5	-15	15	-6	36
15	5	-16	29	50	-43	34	-9	-15	-36
6	19	31	7	6	43	32	39	-22	-1
25	-23	-4	-23	33	-43	42	33	46	-19
9	-22	50	48	-33	37	21	-5	-9	-37
-24	-18	-39	30	-5	41	-20	37	-7	49
45	-46	-7	-7	12	43	-28	-16	48	-29
-10	-37	-20	-49	47	-7	-50	17	-44	-13
-29	4	13	-1	32	-48	42	-15	-39	45
0	9	40	42	-1	-41	-31	-28	38	-32
-9	-5	4	-45	-25	-23	29	27	-25	-6
30	-46	30	-42	47	2	2	50	25	45
-25	-8	-28	39	-9	-15	-40	-27	15	-7
11	42	45	-1	-36	9	-46	15	43	-42
3	-49	-28	-33	-42	30	10	-32	-44	-27
-44	-13	38	19	32	13	-26	11	-20	-42
46	49	33	14	-34	-3	-8	48	8	-20
45	-42	29	24	41	-1	-19	-21	0	13
21	-49	-42	42	-15	8	37	-45	31	-24
-47	-15	-2	15	6	21	37	45	-10	34
-47	22	47	33	19	-3	-12	40	-1	-47
-39	-12	5	-30	-5	-31	-25	37	-37	-50
32	-44	-48	22	-4	34	31	-18	12	40
7	-31	-50	43	-10	-26	-20	30	2	18
6	43	-45	-29	7	7	42	-48	39	30
-36	-4	18	-2	6	43	49	-2	10	17
25	31	-22	-50	8	-3	21	4	-8	-32
-10	-9	-21	-1	49	4	15	-39	27	-46
-39	27	-20	48	-7	-41	-11	-26	49	49
22	7	-35	-21	-31	-24	33	46	-13	13
10	-20	-48	23	22	-17	-33	-49	-26	-30
-30	22	-21	2	40	3	-20	-19	-15	20
26	-47	16	-26	-30	6	-26	-31	-44	-14
39	17	22	-43	43	9	18	8	-4	-46
37	14	-50	27	18	49	37	-22	31	48
5	41	-30	32	37	48	-30	10	13	-1
-9	33	2	-20	-24	-12	-25	-5	16	-2
-5	-47	-14	-39	-40	-19	-40	-30	38	-12
-42	-11	-24	-27	-30	43	40	13	12	12
-25	-31	26	-38	45	8	32	-27	41	19
-26	-12	-14	-8	-46	-35	-2	-2	-30	7
43	-50	-20	-46	44	44	-49	3	-1	25
-6	43	28	-50	-25	-20	-10	0	-4	-12
-6	-27	-12	-10	-1	-33	-23	-45	31	-29
-18	12	47	-9	-9	-31	-41	5	15	-32
-16	10	-6	-31	1	-1	38	-26	-14	2
-8	35	-21	50	-10	7	-25	49	-14	24
36	40	-28	-3	11	-27	10	-42	38	28
24	21	-20	-13	-39	-29	-27	48	-47	10
31	-30	-10	13	-13	-32	46	-12	21	-50
-34	-40	-22	22	-32	9	10	20	4	-25
-18	23	36	-40	-16	36	-36	25	38	18
-9	-19	19	-28	14	-38	-18	-48	-46	-17
2	45	38	-5	-26	-47	42	-43	-9	31
-6	11	-49	-17	26	-18	-24	45	23	23
40	-13	-40	-17	-27	15	-43	-27	-37	-49
14	40	49	-33	16	-44	-12	3	-48	-12
23	8	50	29	-40	9	-41	43	-29	-30
-41	23	32	-9	-50	-11	37	-45	41	13
47	4	-12	43	-27	12	11	37	23	27
20	-12	16	-14	13	50	35	23	-44	-48
-6	-33	42	12	-7	12	15	-14	-35	1
18	1	36	-11	26	32	-8	-30	23	31
3	35	6	-34	-12	-14	-15	46	-45	-25
-23	-9	24	-44	-6	45	3	45	30	-40
35	-28	39	-30	-17	-9	-18	15	-49	-13
-33	-19	0	14	-26	30	31	-34	6	-35
-36	-11	25	-6	4	20	-31	40	9	-4
-14	-36	-11	-13	-37	14	9	42	-32	38
-39	-47	10	43	-49	-13	30	44	-28	-25
19	-9	-36	39	-15	44	17	46	-2	32
7	-50	-45	18	-18	9	44	-9	49	46
14	47	14	-16	15	-9	1	-11	17	-37
31	-8	6	25	-32	-14	-21	-39	4	21
-50	-1	12	30	29	31	2	8	-10	-11
4	8	26	-2	27	-7	-47	-4	8	-39
11	31	-9	31	-38	12	14	-12	3	-33
47	44	-23	11	-48	0	2	-29	-39	-21
44	-4	-15	12	49	-37	42	25	11	14
16	27	-13	-45	43	15	38	22	-41	-8
-19	-48	-16	28	6	46	0	50	1	34
-9	-27	37	44	-2	-14	17	14	11	17
38	38	-49	-49	25	13	4	43	26	-50
39	49	37	1	-28	-7	-49	27	44	-15
9	-44	-9	-37	33	-31	19	-49	12	35
29	22	36	-20	-14	23	8	33	8	12
46	22	1	22	0	-26	-48	33	32	-16
27	-30	-24	16	8	35	2	42	-39	-40
-46	-30	20	-7	-21	-40	22	24	12	20
-41	0	-18	-48	-3	-45	-16	-41	-6	-6
42	-25	-45	-28	33	31	-34	-29	40	34
-33	-42	3	9	0	39	-28	5	-15	2
-47	22	-8	48	-3	39	-1	32	9	-6
7	45	-18	-1	-28	-9	-32	-3	-41	35
-45	47	41	18	36	-47	-30	18	-36	-43
7	12	46	-20	-9	5	23	5	-19	-11
29	24	12	-28	39	-7	45	-6	39	-6
-43	-27	9	-2	-6	29	-7	-44	28	45
29	16	-47	-31	-43	-27	-3	-3	-49	35
41	-31	11	-3	0	2	-23	40	19	-45
38	-48	-19	-14	-4	-14	44	5	17	37
37	-24	29	-49	-45	-1	4	3	-29	-24
-4	-26	45	29	50	39	1	21	30	16
-50	-48	1	-28	-7	-13	-17	3	-16	44
-44	44	20	36	1	-3	-19	10	3	30
1	-8	-14	44	-42	37	-36	-17	-44	46
16	31	15	-4	-1	28	-20	-24	26	21
37	-6	-45	50	5	1	42	-1	40	-15
5	-27	30	50	-29	-50	-10	-31	-9	33
8	-44	-20	18	-7	-9	31	-21	30	40
43	40	-26	-34	-28	21	-32	-40	-42	-34
2	-29	48	-39	-2	43	11	-26	-19	-11
-39	-36	-5	34	1	34	3	-12	42	39
38	48	-26	7	-1	-8	-24	10	33	-36
-22	0	-39	-4	12	48	41	31	-39	-49
-28	34	38	-21	29	-42	31	20	-29	28
-26	34	1	-11	36	-17	-25	-14	-21	5
29	-43	49	46	40	39	43	5	-38	46
-15	-18	-4	-47	-12	18	47	22	-34	-36
24	-31	10	17	42	22	8	35	23	50
7	-1	29	-42	-48	-27	0	16	-10	0
35	-7	-31	-34	-2	3	-14	7	-2	-31
-22	1	-41	-39	-34	-40	-41	44	0	-2
-27	5	-2	-4	-29	-34	3	15	29	-24
0	-43	33	49	6	46	45	46	40	-25
50	22	-33	-28	11	25	-27	-44	-40	8
8	31	4	42	47	39	6	18	14	-21
-39	34	-18	32	-2	30	48	-27	44	-36
9	-48	-40	8	14	-40	28	9	28	-7
36	42	10	27	1	20	35	-16	-43	7
-2	-49	-10	-4	-35	-16	-2	36	-9	35
43	40	42	47	3	-36	17	-24	-33	-44
6	-40	19	3	-3	-2	-47	-36	9	18
13	43	44	40	0	-13	-34	42	29	50
31	-39	-45	4	-1	18	-41	-21	20	-15
-45	-31	25	24	17	37	-46	17	-20	26
-22	43	-18	-41	-19	-7	10	26	-30	-1
-43	-27	-17	34	-44	-13	26	-15	26	38
-44	-17	34	29	-29	7	34	-49	-20	20
-32	-32	38	0	8	-14	-17	44	7	-45
19	8	-39	18	-16	0	-41	-23	26	16
26	49	-21	19	-15	-25	-38	16	16	41
-34	31	-34	-13	-40	50	4	15	41	24
41	21	-10	-17	-26	20	29	36	-18	-8
